000000000000000000000000000000000000000000000000000000000001100
000000000000000000000000000000000000000000000000000000000000101
000000000000000000000000000000000000000000000000000000000000011
000000000000000000000000000000000000000000000000000000000000111
000000000000000000000000000000000000000000000000000000000000001
000000000000000000000000000000000000000000000000000000000000000
000000000000000000000000000000000000000000000000000000000000000
000000000000000000000000000000000000000000000000000000000000000
000000000000000000000000000000000000000000000000000000000000000
000000000000000000000000000000000000000000000000000000000000000
000000000000000000000000000000000000000000000000000000000000000
000000000000000000000000000000000000000000000000000000000000000
000000000000000000000000000000000000000000000000000000000000000
