00000000000000000000001010110011
01000000101000101000001110110011
00000000001100111111001110110011
00000100000000111000110001100111
00000000000000000000001100110011
01000000000101010000001110110011
01000000011100110000001110110011
00000000001100111111001110110011
00000010000000111000111001100111
00000000011000000000111000110011
00000001110011100000111000110011
00000001110011100000111000110011
00000001110011100000111000110011
00000000101111100000111000110011
00000000000011100011111010000011
00000000100011100011111100000011
01000001110111110000001110110011
00000000001100111111001110110011
00000000000000111000011001100111
00000001111011100111000000100011
00000001110111100111010000100011
00000000000100110000001100110011
11111010000000000000111011100111
00000000000100101000001010110011
11111010000000000000001011100111
00000000000000000000000001100111
